000,        ,00.00
000,        ,00.00
000,        ,00.00
003,Calhoon,21.45

004,Lincoln,11.65

000,        ,00.00
000,        ,00.00
000,        ,00.00
000,        ,00.00
000,        ,00.00
000,        ,00.00
000,        ,00.00
012,Winters,17.25

000,        ,00.00
014,Greeley,21.15

000,        ,00.00
000,        ,00.00
000,        ,00.00
000,        ,00.00
000,        ,00.00
000,        ,00.00
000,        ,00.00
000,        ,00.00
000,        ,00.00
000,        ,00.00
000,        ,00.00
000,        ,00.00
000,        ,00.00
000,        ,00.00
000,        ,00.00
000,        ,00.00
000,        ,00.00
000,        ,00.00
000,        ,00.00
000,        ,00.00
000,        ,00.00
000,        ,00.00
000,        ,00.00
000,        ,00.00
000,        ,00.00
000,        ,00.00
000,        ,00.00
000,        ,00.00
000,        ,00.00
000,        ,00.00
000,        ,00.00
000,        ,00.00
000,        ,00.00
000,        ,00.00
000,        ,00.00
000,        ,00.00
000,        ,00.00
000,        ,00.00
000,        ,00.00
000,        ,00.00
000,        ,00.00
000,        ,00.00
000,        ,00.00
000,        ,00.00
000,        ,00.00
000,        ,00.00
000,        ,00.00
000,        ,00.00
000,        ,00.00
000,        ,00.00
000,        ,00.00
000,        ,00.00
000,        ,00.00
000,        ,00.00
000,        ,00.00
000,        ,00.00
000,        ,00.00
000,        ,00.00
000,        ,00.00
000,        ,00.00
000,        ,00.00
000,        ,00.00
000,        ,00.00
000,        ,00.00
000,        ,00.00
000,        ,00.00
000,        ,00.00
000,        ,00.00
000,        ,00.00
000,        ,00.00
000,        ,00.00
000,        ,00.00
000,        ,00.00
000,        ,00.00
000,        ,00.00
000,        ,00.00
000,        ,00.00
000,        ,00.00
000,        ,00.00
000,        ,00.00
000,        ,00.00
000,        ,00.00
000,        ,00.00
000,        ,00.00
000,        ,00.00
